01 04 00 00 00 02 71 BC

10000000 00100000 0. 0. 0. 01000000 10001110 00111101

Start = 0 , Stop = 1
01000000 01100100 00000000 00001000 00000010 00000000 
10010000 00101000 11101000 1111011

0 0 0 0
64 100 0 8 2 0 144 40 232 246
0 0 0 0

Response should be:
10000000 00100000 00100000 11000010 01100110 11001100 00101100 10001101 00011100

0100000001000100000100010000010110
12     8421  8421         84AD631

00010100110011010110011001000101100101000110110000111001
84A529C6

1000000 01100100 00000000 00001000 00000010 00000000 
